,index,RunNum,PeriodNumber,OrbitNumber,BunchCrossNumber,triggered
0,193,246087,11,9346043,2597,True
1,195,246087,10,7033629,2491,False
2,609,246087,14,9942895,1534,True
3,796,246087,1,8216185,863,True
4,807,246087,4,8571820,994,False
5,835,246087,7,7765103,2513,True
6,869,246087,12,4800392,1960,True
7,873,246087,11,14517438,3067,True
8,878,246087,11,7968819,420,True
9,1029,246087,15,1608674,1117,False
10,1032,246087,14,12650588,3510,True
11,1317,246087,1,7633165,3371,True
12,1557,246087,12,176555,2282,True
13,1886,246087,7,14992612,2637,False
14,1889,246087,7,10955483,3528,True
15,1890,246087,7,13375171,1600,True
16,2365,246087,4,9431727,559,True
17,2428,246087,8,1394577,1801,True
18,2431,246087,7,15658156,478,True
19,2584,246087,5,941745,1278,False
20,2585,246087,4,11347082,3466,False
21,2778,246087,8,5597456,1523,True
22,3531,246087,8,5162658,896,True
23,3895,246087,15,2367445,1285,True
24,3896,246087,15,1553774,698,True
25,4068,246087,1,12123031,661,False
26,4127,246087,1,1651493,2271,True
27,4830,246087,7,14610388,2253,True
28,5028,246087,10,11979734,420,True
29,5141,246087,11,9717445,1552,True
30,5144,246087,11,9394804,1523,False
31,5170,246087,6,13447536,819,True
32,5289,246087,16,12027085,2615,False
33,5330,246087,6,346928,1622,False
34,5367,246087,11,6548852,1461,False
35,5515,246087,11,13743598,1931,False
36,5517,246087,11,14805896,3034,True
37,5618,246087,2,6209596,3367,True
38,5627,246087,7,10066403,1479,True
39,6200,246087,2,4215485,2363,True
40,6201,246087,16,13991728,1457,True
41,6203,246087,3,7379023,3389,False
42,6205,246087,3,7173017,1757,False
43,6460,246087,13,4572717,845,True
44,6461,246087,13,720717,3356,True
45,6593,246087,5,8215425,559,True
46,6609,246087,9,4188872,3484,False
47,6763,246087,15,16067664,812,True
48,6864,246087,12,12019084,3371,True
49,6866,246087,12,8652823,2143,True
50,6867,246087,12,11425121,2454,False
51,6900,246087,11,15066062,559,False
52,7412,246087,10,3203208,694,False
53,7576,246087,11,12454199,1746,True
54,7720,246087,6,12695442,2476,True
55,7752,246087,7,13795863,1938,False
56,7799,246087,14,899483,976,True
57,7980,246087,8,12498996,1761,True
58,7984,246087,8,5890365,3561,False
59,8233,246087,1,16662424,878,True
60,8240,246087,12,999315,3404,False
61,8438,246087,8,2230812,1483,False
62,8442,246087,6,6726902,2593,True
63,8577,246087,4,1193231,2019,True
64,8581,246087,3,10364605,2271,False
65,8714,246087,6,6118032,863,True
66,8830,246087,14,8656484,3199,True
67,8834,246087,14,3911138,1036,True
68,8870,246087,14,8681135,2165,True
69,9376,246087,13,7010938,1556,True
70,9381,246087,13,2175204,885,False
71,9386,246087,10,11099852,1942,True
72,9388,246087,10,9532888,3327,False
73,9714,246087,15,13772188,1102,True
74,9771,246087,8,12287457,3060,True
75,9818,246087,14,15165117,1790,True
76,9888,246087,1,16714236,2099,True
77,9889,246087,13,16719747,1889,True
78,9968,246087,8,9275663,1285,True
79,10199,246087,6,4910885,3206,True
80,10596,246087,8,2493926,1607,True
81,11291,246087,3,1499152,3393,False
82,11390,246087,12,3956932,3378,True
83,11667,246087,10,9327218,2103,True
84,11839,246087,13,10227222,3151,True
85,11842,246087,9,11356913,2158,True
86,12115,246087,9,11063581,3543,True
87,12526,246087,4,4259775,12,True
88,12532,246087,3,11865252,727,True
89,12815,246087,15,397588,738,True
90,12983,246087,6,8082043,522,True
91,13193,246087,8,16759792,2436,True
92,13195,246087,8,14258278,581,False
93,13265,246087,13,2976378,504,True
94,13266,246087,12,14536839,3550,True
95,13269,246087,12,12945716,522,True
96,13552,246087,12,835551,3071,True
97,13732,246087,10,6197456,1684,True
98,13733,246087,10,4545477,727,True
99,13979,246087,15,933748,1695,True
100,13980,246087,15,2239659,1889,True
101,14014,246087,5,9432876,716,False
102,14041,246087,11,1295844,2615,False
103,14334,246087,1,14984375,694,True
104,14335,246087,12,12737363,3173,True
105,14344,246087,11,15096001,885,True
106,14358,246087,15,2016237,1230,True
107,14445,246087,16,15638884,1783,False
108,14446,246087,17,444857,1607,False
109,14741,246087,5,2902134,867,True
110,14744,246087,4,15352642,3411,False
111,14748,246087,9,9790983,1852,True
112,14875,246087,8,658685,2498,True
113,14880,246087,7,13563539,1845,True
114,15047,246087,14,8437378,1201,False
115,15501,246087,1,16560308,478,False
116,15502,246087,13,9105065,2524,True
117,15722,246087,1,15486468,1479,False
118,15723,246087,1,14610805,1717,True
119,15779,246087,7,12038563,896,False
120,16345,246087,13,1227086,987,False
121,16346,246087,12,15349877,1938,False
122,16652,246087,5,9055606,2015,True
123,16758,246087,17,3621779,3506,True
124,16767,246087,7,13594185,1702,True
125,16858,246087,4,2905399,2531,False
126,16860,246087,3,1030215,1311,False
127,17063,246087,5,2795228,1322,False
128,17066,246087,4,6739265,3543,True
129,17283,246087,5,8881963,2692,True
130,17285,246087,1,1654896,3484,True
131,17286,246087,5,1097758,1267,False
132,17287,246087,4,16248930,1680,True
133,17290,246087,12,10692673,3404,True
134,17701,246087,7,5764124,1779,False
135,17960,246087,14,12681092,1953,False
136,17962,246087,2,454038,1245,True
137,18238,246087,6,9837076,3389,False
138,19304,246087,13,8254801,3466,True
139,19440,246087,15,1899044,1080,True
140,19515,246087,16,12013781,1728,False
141,19517,246087,16,10396666,900,False
142,19518,246087,16,3834653,1695,False
143,19543,246087,10,4378554,683,False
144,19544,246087,10,2542286,998,True
145,19545,246087,10,2040818,588,False
146,20046,246087,1,4279352,3404,True
147,20081,246087,12,9148818,2608,True
148,20087,246087,1,9405030,1574,False
149,20089,246087,8,6990723,19,True
150,20472,246087,3,15581175,672,False
151,21140,246087,16,16573416,515,True
152,21390,246087,16,11147642,3510,True
153,21651,246087,1,13854576,3067,False
154,21653,246087,12,4790915,544,True
155,21686,246087,13,1460933,3056,False
156,21947,246087,13,16148152,1472,False
157,21950,246087,14,1776662,3462,True
158,22012,246087,7,12861278,1095,True
159,22353,246087,5,2203512,2498,False
160,22354,246087,5,1218660,1274,True
161,22432,246087,10,11070897,1358,True
162,22478,246087,15,216880,2641,True
163,22482,246087,14,7354947,1600,True
164,22704,246087,4,11301745,2308,True
165,23135,246087,4,444939,2030,True
166,23137,246087,4,1242070,3206,True
167,23140,246087,1,255452,1640,True
168,23249,246087,10,3324065,1942,True
169,23251,246087,10,982109,1424,True
170,23323,246087,2,2549062,2304,False
171,23326,246087,16,7113616,2491,True
172,23582,246087,3,9553526,1702,False
173,23589,246087,6,2082533,1150,False
174,23677,246087,8,10953981,2443,True
175,24022,246087,5,13356336,2659,True
176,24260,246087,7,12526486,1318,True
177,24265,246087,5,8532737,431,False
178,24266,246087,1,932294,786,True
179,24268,246087,4,3153563,863,True
180,24271,246087,16,9636605,1058,False
181,25109,246087,13,3688654,3404,True
182,25111,246087,13,4678849,2253,True
183,25112,246087,13,1035123,1863,True
184,25544,246087,10,10816004,1750,True
185,25621,246087,3,13388413,1622,True
186,25624,246087,3,10673015,3243,True
187,25913,246087,15,16269717,3360,False
188,26156,246087,2,9046916,830,True
189,26236,246087,6,1388022,2498,False
190,26404,246087,8,862555,365,False
191,26407,246087,7,15209392,1680,True
192,26791,246087,9,1375517,1146,True
193,26842,246087,9,10675814,1241,True
194,27458,246087,6,6397124,705,True
195,27475,246087,10,9370221,1938,True
196,27850,246087,3,4621690,1794,True
197,27853,246087,3,1783667,2370,True
198,27854,246087,3,614288,2099,True
199,27929,246087,4,12081285,2304,True
200,27930,246087,4,12146474,3144,False
201,27933,246087,12,16151424,1585,True
202,27935,246087,5,12993092,797,True
203,27936,246087,4,16154556,874,True
204,28237,246087,2,15781728,2114,False
205,28238,246087,3,1586046,1047,False
206,28268,246087,3,10228356,3089,False
207,28273,246087,2,4978224,1790,False
208,28274,246087,5,2066667,2275,False
209,28278,246087,4,15110237,994,True
210,28507,246087,1,6867707,548,True
211,28514,246087,3,15310095,3312,True
212,28535,246087,10,1914620,2165,True
213,28536,246087,9,15886220,2681,True
214,28705,246087,7,1977393,2363,True
215,28706,246087,6,13700094,3554,False
216,28707,246087,6,6570811,3217,True
217,28708,246087,6,5374140,526,True
218,28736,246087,4,8923902,2319,True
219,28738,246087,4,6748494,2363,True
220,28739,246087,4,6365793,2524,True
221,29198,246087,4,4779705,2275,False
222,30073,246087,9,16263834,2359,False
223,30074,246087,9,14002171,1841,False
224,30147,246087,15,4774262,577,True
225,30383,246087,3,7040863,3239,False
226,30385,246087,17,2224953,3462,True
227,30548,246087,14,14157418,3195,True
228,30550,246087,14,186948,1545,True
229,30615,246087,10,8423190,1607,True
230,31057,246087,13,12942943,3495,True
231,31059,246087,13,6588044,1479,True
232,31060,246087,13,8069466,830,True
233,31513,246087,0,15920441,874,False
234,31515,246087,3,5857927,3349,True
235,31524,246087,12,15195003,3484,True
236,31525,246087,1,14672538,2659,True
237,31626,246087,7,1174848,3188,True
238,31987,246087,1,4315517,1523,False
239,31991,246087,5,12033500,1534,False
240,31992,246087,5,12373342,841,False
241,32666,246087,12,10892600,1395,True
242,32717,246087,5,4728661,1691,False
243,32718,246087,5,4252183,3217,True
244,32725,246087,4,14965274,1805,False
245,32726,246087,4,15052442,1739,False
246,32814,246087,2,15959120,2260,True
247,32817,246087,16,13825695,1369,True
248,32818,246087,16,4204102,1611,True
249,32977,246087,6,4148368,1380,False
250,33161,246087,10,10080202,1874,True
251,33162,246087,10,5044309,1413,True
252,33290,246087,6,14980809,2630,True
253,33293,246087,1,3976575,665,True
254,33455,246087,2,8265723,3539,True
255,33808,246087,10,1598958,2019,False
256,33810,246087,9,14043963,731,True
257,33811,246087,9,13505707,581,True
258,33812,246087,9,10249296,1607,False
259,34080,246087,11,11688287,478,True
260,34095,246087,6,8643507,3082,True
261,34096,246087,6,10936101,2209,True
262,34097,246087,6,8629093,1938,True
263,34098,246087,6,8685338,420,True
264,34161,246087,9,9637279,3250,True
265,34165,246087,9,3823137,1874,False
266,34168,246087,8,14235252,515,True
267,34525,246087,11,13774403,727,True
268,34527,246087,11,12345553,1424,False
269,34569,246087,14,608485,1369,True
270,34851,246087,7,7422951,1702,False
271,35404,246087,14,7508699,1761,True
272,35722,246087,9,7779153,1417,True
273,35724,246087,9,3776857,2652,False
274,36091,246087,7,1671853,2293,True
275,36093,246087,6,3849192,808,True
276,36096,246087,4,5935557,896,True
277,37254,246087,13,10596979,2476,False
278,37255,246087,13,9326602,2513,True
279,37296,246087,0,16389653,1274,True
280,37298,246087,3,346465,2048,False
281,37444,246087,15,16569783,3210,True
282,37797,246087,9,1983333,2352,True
283,37798,246087,9,1308194,3195,False
284,38252,246087,12,2349967,731,True
285,39383,246087,13,4069310,544,False
286,39931,246087,3,13761708,994,True
287,40254,246087,15,15963817,2315,True
288,40255,246087,16,139549,3144,True
289,40807,246087,2,14922868,841,False
290,40808,246087,2,13378519,1633,True
291,40812,246087,2,9375742,786,True
292,41270,246087,3,8256639,1783,True
293,41538,246087,6,12916,1051,True
294,41811,246087,12,13319062,1563,False
295,41812,246087,12,13423655,1938,True
296,41816,246087,12,15450759,1479,False
297,42044,246087,14,2842652,823,False
298,42508,246087,7,11839310,3104,True
299,42513,246087,7,8381549,808,True
300,42784,246087,2,9071851,1267,False
301,42972,246087,7,6367587,2326,True
302,43073,246087,3,2960389,1358,True
303,43074,246087,3,3678281,874,False
304,43238,246087,12,15298004,2352,True
305,43247,246087,11,1971076,1713,True
306,43314,246087,6,16428801,544,True
307,43410,246087,5,13488507,1523,False
308,43706,246087,4,6099204,3056,True
309,43717,246087,9,1146095,559,False
310,43791,246087,3,458573,2619,True
311,43803,246087,3,3203078,2498,False
312,43804,246087,2,12438410,511,True
313,43805,246087,2,8380278,1867,False
314,43979,246087,4,16139925,1841,False
315,43981,246087,4,15372312,1761,True
316,43983,246087,4,12375022,1234,False
317,44033,246087,15,12171998,3543,False
318,44036,246087,15,12003055,1047,True
319,44270,246087,4,13705520,3327,True
320,44275,246087,1,1262967,2202,True
321,44349,246087,7,6443620,416,True
322,44353,246087,1,4722020,1585,True
323,44355,246087,6,5976892,3473,False
324,45049,246087,9,9090462,420,False
325,45159,246087,15,10765452,2520,True
326,45194,246087,5,7203438,365,True
327,45195,246087,5,8346792,1124,True
328,45343,246087,9,3230540,1938,True
329,45603,246087,5,8088333,2202,False
330,45783,246087,16,3955201,2637,True
331,45808,246087,11,13900050,878,True
332,45811,246087,11,6688001,1150,True
333,45908,246087,7,5876351,1278,False
334,46279,246087,2,14030397,885,True
335,46374,246087,14,14824878,720,True
336,46773,246087,11,4948222,3162,True
337,46780,246087,11,2459125,3254,True
338,46946,246087,7,1931690,1530,False
339,47031,246087,3,2175638,3345,True
340,47034,246087,2,13227300,672,True
341,47052,246087,14,11321271,672,True
342,47355,246087,11,265407,592,False
343,47356,246087,10,11533891,1644,True
344,47357,246087,10,10880519,1058,False
345,47792,246087,13,4100348,581,True
346,47920,246087,15,9294935,3506,True
347,47922,246087,15,6445427,1124,False
348,47923,246087,15,6992463,3104,True
349,48006,246087,17,3817725,3228,False
350,48008,246087,16,16596208,716,False
351,48055,246087,12,819591,1874,True
352,48058,246087,11,16750875,2297,False
353,48097,246087,2,9025559,972,True
354,48392,246087,13,10094667,3071,False
355,48393,246087,13,8384298,1256,True
356,48395,246087,13,5973370,2436,False
357,48396,246087,13,2273281,1435,False
358,48457,246087,8,6868652,1139,True
359,48654,246087,10,8567612,2685,False
360,49205,246087,10,11138245,812,False
361,49206,246087,10,10051666,2264,True
362,49363,246087,3,10922439,383,True
363,49364,246087,3,9321178,2586,True
364,49367,246087,3,4272378,2052,False
365,49426,246087,12,13447513,2692,True
366,49666,246087,9,5059290,2337,True
367,49669,246087,9,333043,559,True
368,50066,246087,8,13405163,2663,True
369,50261,246087,7,14583272,2213,True
370,50264,246087,7,9815224,1424,False
371,50266,246087,7,8705430,2165,True
372,50267,246087,7,6650115,566,True
373,50549,246087,11,1544103,2015,False
374,50552,246087,10,16379698,2637,False
375,50766,246087,6,9582144,2264,True
376,50867,246087,3,12583974,515,True
377,51039,246087,17,2423600,834,True
378,51042,246087,16,12977479,511,True
379,51195,246087,3,7547333,555,True
380,51579,246087,8,16164862,705,True
381,51596,246087,11,3500920,2663,False
382,51597,246087,11,2120118,2249,False
383,51873,246087,11,3948129,1691,False
384,51938,246087,2,901442,1439,True
385,52011,246087,2,2740820,1124,True
386,52016,246087,5,8858870,976,False
387,52017,246087,1,2600139,3415,True
388,52021,246087,5,8633011,1285,True
389,52141,246087,9,6292494,1971,True
390,52444,246087,15,10816177,2480,True
391,52448,246087,4,7093638,2524,False
392,52458,246087,16,1206299,3466,True
393,52496,246087,2,4355377,1757,True
394,52498,246087,2,5581201,1618,True
395,52504,246087,2,3181092,1245,True
396,52505,246087,2,2957859,2341,False
397,52561,246087,1,16595492,1358,True
398,52718,246087,11,10569230,478,True
399,53106,246087,2,7036831,1695,False
400,53108,246087,14,16336479,2575,True
401,53159,246087,5,15388211,819,True
402,53171,246087,6,5361728,1267,False
403,53647,246087,14,2468763,3400,False
404,53659,246087,5,7310485,3393,True
405,53772,246087,4,11391211,3532,False
406,53818,246087,8,9902585,874,True
407,53989,246087,9,13274538,555,True
408,54236,246087,4,10962815,1128,True
409,54237,246087,4,11184710,3517,True
410,54250,246087,9,1813295,1241,True
411,54341,246087,7,15015409,2363,False
412,54455,246087,4,12415209,2103,True
413,54456,246087,1,1085375,1805,True
414,54458,246087,4,6290409,2414,False
415,54628,246087,1,13732938,2685,True
416,55650,246087,9,8535724,577,True
417,55654,246087,8,16545806,405,True
418,55690,246087,16,16256432,8,False
419,56489,246087,2,11052040,1717,False
420,57217,246087,7,9959887,830,False
421,57340,246087,10,1712204,23,False
422,57396,246087,7,1273100,790,True
423,57397,246087,7,1706730,1450,False
424,57794,246087,16,14504004,2341,True
425,58260,246087,9,8543397,1600,True
426,58264,246087,9,3534670,522,False
427,58330,246087,10,6899664,2443,True
428,58395,246087,8,9394763,427,False
429,58461,246087,9,16626382,3228,True
430,58659,246087,14,12095725,1084,False
431,58665,246087,13,12112253,3345,True
432,58925,246087,11,3659781,2286,False
433,58926,246087,11,5516925,889,True
434,59146,246087,5,7883917,2363,False
435,59148,246087,5,4404169,2674,True
436,59585,246087,10,1671236,878,False
437,59789,246087,14,5701199,2524,True
438,59858,246087,9,8510995,2626,True
439,60539,246087,12,8335707,3323,True
440,60540,246087,12,4669805,2520,False
441,60542,246087,11,15511148,1640,True
442,60630,246087,16,12647106,2136,True
443,60757,246087,4,13917948,834,True
444,60849,246087,17,3114830,416,False
445,61551,246087,16,16605135,515,False
446,61553,246087,16,11773768,3049,True
447,61554,246087,16,9049439,3104,True
448,61776,246087,7,2164950,3089,True
449,61779,246087,6,15328765,1223,False
450,61801,246087,4,9030036,1395,False
451,61964,246087,6,11157480,1128,True
452,62539,246087,16,9070878,3360,True
453,62540,246087,16,3038668,885,True
454,63348,246087,6,2770453,1285,True
455,63349,246087,1,3482762,3532,True
456,63353,246087,5,420563,1428,True
457,63354,246087,5,434180,1047,False
458,63448,246087,12,7647530,1457,True
459,63459,246087,3,13008475,1362,True
460,63526,246087,3,8801830,2447,False
461,63530,246087,3,665013,2692,True
462,63584,246087,10,2944319,1139,True
463,63777,246087,16,13569010,500,False
464,63851,246087,2,1335202,1574,False
465,63857,246087,1,13869368,592,False
466,64069,246087,1,13809347,954,True
467,64070,246087,1,13009990,3243,False
468,64398,246087,8,11156215,1040,True
469,64766,246087,10,11761633,2681,True
470,64874,246087,11,1069180,823,True
471,65565,246087,4,12361155,398,True
472,65566,246087,4,10307492,694,False
473,65621,246087,3,13253026,544,False
474,65821,246087,14,11383639,863,False
475,65823,246087,14,2608534,808,True
476,66123,246087,4,14987190,2615,True
477,66124,246087,4,16717015,588,False
478,66224,246087,8,7499962,1541,True
479,66250,246087,14,9844771,2535,True
480,66251,246087,13,15647483,3495,False
481,66252,246087,14,3816629,1069,False
482,66253,246087,13,13379083,2264,False
483,66263,246087,8,2484649,522,True
484,66264,246087,8,2323602,907,False
485,66374,246087,16,5156484,1267,True
486,66911,246087,11,1139858,885,False
487,67359,246087,8,6317100,1783,False
488,67364,246087,8,4018300,1263,True
489,67671,246087,7,4766774,1318,True
490,67815,246087,9,9090191,581,True
491,68154,246087,9,4760245,1124,True
492,68446,246087,4,16756138,705,True
493,68449,246087,10,14092914,1424,True
494,68837,246087,5,3928595,3543,True
495,68838,246087,5,697472,3056,False
496,68913,246087,8,3616089,1113,False
497,68916,246087,7,15867846,1106,False
498,68917,246087,8,2246584,1680,True
499,68918,246087,7,15614868,2524,False
500,68921,246087,7,12144754,1596,False
501,68956,246087,15,4444043,2469,True
502,69128,246087,5,12037888,19,True
503,69261,246087,10,5997154,2663,True
504,69411,246087,5,8151020,2169,True
505,69632,246087,11,9291857,2597,False
506,69639,246087,4,5337448,1750,True
507,69671,246087,8,13074408,3166,True
508,69721,246087,1,2448049,1695,True
509,69982,246087,10,10035984,1417,True
510,69984,246087,10,5162561,705,False
511,70347,246087,8,15932100,2626,False
512,70787,246087,5,15128120,1461,True
513,70790,246087,5,12659196,3550,True
514,70791,246087,5,10615215,1938,False
515,70979,246087,5,14939146,3239,True
516,71008,246087,1,2399949,1596,False
517,71012,246087,5,7211817,2330,True
518,71200,246087,2,13416910,19,True
519,71211,246087,15,12031458,742,True
520,71351,246087,2,4423189,1852,True
521,71354,246087,2,3643226,2421,True
522,71492,246087,5,1886755,709,False
523,71493,246087,5,725724,3528,False
524,71672,246087,9,9454231,361,False
525,72166,246087,4,11885656,8,False
526,72168,246087,4,10506481,834,False
527,72169,246087,4,8926237,1424,True
528,72335,246087,12,4962718,676,True
529,72545,246087,3,11054451,1768,False
530,72625,246087,7,7918727,3327,True
531,72959,246087,6,2857759,727,True
532,72960,246087,6,1454462,1040,False
533,72961,246087,1,3301615,3323,True
534,73141,246087,16,2521733,2469,True
535,73142,246087,16,5526967,2582,True
536,73143,246087,16,8300271,3382,True
537,73253,246087,7,1892597,1267,True
538,73387,246087,16,8815348,3349,True
539,73432,246087,13,12674869,1252,False
540,73434,246087,12,13694704,2158,False
541,73498,246087,10,11194302,1439,False
542,73554,246087,3,14867607,3323,True
543,73555,246087,0,15232074,1545,False
544,73602,246087,9,5914126,1779,True
545,73925,246087,8,2074266,3510,True
546,73953,246087,16,13427020,2169,False
547,73954,246087,16,4037586,1274,True
548,73981,246087,14,14255011,830,True
549,73982,246087,14,12172146,2260,True
550,73987,246087,14,7329127,559,True
551,73991,246087,2,14136833,3038,True
552,74258,246087,9,2259246,2169,True
553,74348,246087,6,12294693,1717,True
554,74355,246087,5,2459189,1841,True
555,74356,246087,4,16354194,361,True
556,74648,246087,3,3658230,1069,True
557,74722,246087,12,14868123,548,True
558,74726,246087,12,15595281,2052,True
559,74815,246087,5,9200210,3210,False
560,75038,246087,3,1947922,2480,False
561,75039,246087,3,2227406,1245,True
562,75044,246087,2,11955122,1139,False
563,75072,246087,12,9547988,471,True
564,75385,246087,5,4475796,3060,False
565,75590,246087,6,14903544,3561,False
566,76039,246087,2,14822957,1241,False
567,76042,246087,0,13944307,900,True
568,76049,246087,10,16132293,2674,False
569,76234,246087,3,885419,559,False
570,76767,246087,13,3091962,1633,True
571,76994,246087,16,4550070,2593,True
572,77079,246087,2,2332346,1938,False
573,77569,246087,16,3372505,2176,True
574,77570,246087,2,2595020,1640,True
575,77752,246087,10,8147006,1461,True
576,77886,246087,2,3820833,1124,False
577,78361,246087,6,7813487,365,True
578,78469,246087,3,13162340,2326,False
579,78471,246087,3,6410215,394,False
580,78568,246087,0,11990874,1578,True
581,79234,246087,16,13294927,1563,True
582,79333,246087,9,3659656,841,True
583,79334,246087,9,3333785,2630,True
584,79774,246087,8,12019039,2330,True
585,79792,246087,3,2962725,1993,True
586,80013,246087,6,1667564,1768,False
587,80301,246087,9,11553960,841,False
588,80305,246087,9,7377219,2202,False
589,80339,246087,16,12249718,797,True
590,80340,246087,16,6994371,1805,False
591,80821,246087,9,7848155,2458,True
592,80861,246087,11,13505058,1150,True
593,80878,246087,14,13758691,911,False
594,80879,246087,14,15948119,2198,False
595,81201,246087,10,2367476,471,False
596,81204,246087,10,2465493,911,True
597,81215,246087,11,7812226,661,True
598,81216,246087,11,5617755,1607,True
599,81446,246087,7,7116001,2019,True
600,81703,246087,4,8042297,1717,True
601,81704,246087,4,5100129,2132,False
602,81760,246087,1,11715837,2088,True
603,81992,246087,11,6825576,1084,False
604,81994,246087,11,6794168,2469,False
605,81995,246087,11,8104787,427,True
606,82506,246087,3,3618448,588,False
607,82507,246087,3,4221541,3561,False
608,83006,246087,11,15825072,1695,False
609,83009,246087,11,1105183,2147,True
610,83156,246087,3,14691260,3221,True
611,83930,246087,5,7617446,1949,True
612,84280,246087,12,12258249,998,True
613,84281,246087,12,14119751,2260,True
614,84282,246087,12,11538735,361,True
615,84584,246087,3,10474915,3155,True
616,84586,246087,0,16727013,2487,True
617,84605,246087,3,1934884,2421,True
618,84852,246087,1,12434058,1091,True
619,84863,246087,15,1737912,3349,False
620,85699,246087,12,970733,3177,True
621,85703,246087,10,13989509,387,True
622,85750,246087,5,3523943,852,True
623,86220,246087,16,7503951,900,False
624,86874,246087,2,2480060,3316,False
625,86889,246087,2,1881790,3173,False
626,86955,246087,3,8161364,911,False
627,86991,246087,1,6814966,885,False
628,86995,246087,7,1219928,2030,True
629,87135,246087,7,4797360,1113,False
630,87136,246087,7,4649826,2630,True
631,87138,246087,7,962192,2447,True
632,87266,246087,14,7580582,2363,False
633,87314,246087,6,7596400,3195,False
634,87336,246087,9,8096784,409,True
635,87354,246087,7,2452145,1391,False
636,87356,246087,6,2807854,1307,False
637,87391,246087,9,749424,3499,False
638,87393,246087,8,15841182,2502,True
639,87542,246087,8,10427900,2586,True
640,87877,246087,5,1223615,900,True
641,87880,246087,4,15384862,2487,True
642,88086,246087,6,12476654,1993,True
643,88272,246087,14,527662,954,True
644,88274,246087,13,14284371,1080,True
645,88315,246087,12,94215,548,False
646,88915,246087,5,4064333,522,True
647,89079,246087,11,12160252,23,False
648,89080,246087,11,13381473,1997,False
649,89136,246087,6,10567210,2282,False
650,89218,246087,11,4199159,1139,False
651,89219,246087,11,3808759,1128,True
652,89227,246087,1,11186845,841,True
653,89241,246087,8,6981649,3561,True
654,89588,246087,1,8422864,23,True
655,89609,246087,8,2830580,1750,False
656,89710,246087,6,5626646,2099,True
657,89778,246087,12,781661,1124,False
658,89916,246087,13,2715865,1622,True
659,89917,246087,13,3123859,431,True
660,89918,246087,12,10653955,1644,False
661,90283,246087,2,16213524,1307,True
662,90284,246087,2,14761323,1534,False
663,91047,246087,8,2489443,577,True
664,91077,246087,10,7833102,1091,True
665,91285,246087,9,9716092,2165,False
666,91376,246087,4,2479827,2286,True
667,91378,246087,4,3111985,3426,False
668,91379,246087,3,16760770,1450,False
669,91615,246087,12,8484977,1263,True
670,91619,246087,12,8640001,1644,True
671,91624,246087,10,16635166,1095,True
672,91625,246087,10,15753832,830,True
673,91685,246087,6,812984,566,False
674,91795,246087,15,15735916,3173,True
675,91796,246087,15,11290967,420,False
676,92149,246087,15,626824,372,True
677,92150,246087,6,3924618,1208,True
678,92241,246087,2,3096169,1574,False
679,92354,246087,10,4244194,2008,True
680,92436,246087,7,7661848,709,True
681,92438,246087,7,4200585,2374,False
682,92440,246087,7,6013591,2531,True
683,92442,246087,7,4310724,2308,False
684,92558,246087,2,3065887,1479,True
685,92561,246087,14,16259410,2608,False
686,92588,246087,7,14053968,3506,True
687,92589,246087,8,251649,1380,True
688,92825,246087,2,13045182,2374,True
689,93348,246087,8,10548290,3305,True
690,93349,246087,8,11315453,694,True
691,93874,246087,9,13968821,845,False
692,93878,246087,9,8793029,1062,False
693,94297,246087,5,14190205,2447,True
694,94299,246087,1,1767137,2019,False
695,94365,246087,8,4888996,2615,False
696,94366,246087,8,4545165,1267,True
697,94428,246087,15,15407830,1867,False
698,94430,246087,16,999479,3426,True
699,94859,246087,7,14978655,2498,False
700,94862,246087,4,12325469,2363,True
701,95275,246087,15,12797382,1223,True
702,95276,246087,15,15159805,687,True
703,95277,246087,15,15802507,1289,True
704,95374,246087,15,12586175,1413,True
705,95375,246087,15,11359609,372,True
706,95660,246087,8,2079366,1069,True
707,95681,246087,10,2361742,965,True
708,95682,246087,10,4579891,1219,True
709,95857,246087,2,16716283,1380,True
710,96009,246087,4,11754501,526,True
711,96049,246087,9,12254609,900,True
712,96081,246087,15,14483237,2575,False
713,96192,246087,13,4173888,2447,True
714,96235,246087,13,492114,1296,False
715,96237,246087,12,12864943,2030,True
716,96515,246087,13,5588099,687,True
717,96589,246087,2,6981647,801,True
718,96590,246087,2,5427788,409,False
719,96592,246087,2,5438834,3093,True
720,96618,246087,12,6883208,3521,True
721,96619,246087,12,3183173,3466,True
722,96681,246087,3,10275798,1113,True
723,96837,246087,3,5939890,1563,True
724,97317,246087,13,16468554,1483,True
725,97318,246087,14,799802,2282,True
726,97381,246087,16,9284538,504,True
727,97384,246087,16,5161635,2469,False
728,97720,246087,6,13635574,383,False
729,97747,246087,6,12326247,3093,False
730,98787,246087,1,9912301,2271,True
731,98968,246087,14,11293335,705,True
732,98970,246087,14,10774686,852,False
733,99120,246087,12,3637045,3550,True
734,99166,246087,8,2713764,819,True
735,99171,246087,17,3011231,2326,True
736,99241,246087,0,16276557,911,True
737,99291,246087,16,15986037,1805,True
738,99660,246087,6,14374443,3371,True
739,99664,246087,15,9436395,3554,True
740,99809,246087,1,15431327,2608,True
741,100154,246087,8,2778203,3060,True
742,100206,246087,10,10844242,3206,False
743,100465,246087,5,8874050,650,False
744,100475,246087,15,16391433,1446,True
745,100608,246087,14,12615032,1036,True
746,100938,246087,4,1606387,2348,True
747,101111,246087,1,1404393,1702,True
748,101167,246087,14,2387469,3221,True
749,101169,246087,13,16698647,1684,True
750,101406,246087,15,4988714,1062,False
751,101408,246087,15,1578170,1212,True
752,101410,246087,14,13442585,398,False
753,101548,246087,5,7152151,911,False
754,101643,246087,2,15948371,3188,True
755,101877,246087,4,13756579,1197,True
756,101878,246087,4,13278179,1867,False
757,101880,246087,4,13701002,592,True
758,101883,246087,4,8778979,863,True
759,102357,246087,17,753033,2619,False
760,103282,246087,11,95986,2352,True
761,103390,246087,7,10298090,889,True
762,103391,246087,7,9523931,1644,True
763,103490,246087,7,9767137,522,True
764,103491,246087,1,6459937,1874,True
765,103832,246087,11,8757317,2469,False
766,103836,246087,11,11007780,3426,True
767,103837,246087,11,2992441,2608,True
768,103844,246087,7,470681,1391,False
769,103847,246087,4,14313444,1702,False
770,103851,246087,4,10545962,1938,False
771,103941,246087,5,14692897,1975,False
772,103956,246087,6,16100863,1241,True
773,103958,246087,6,14536991,1684,False
774,104244,246087,13,7818251,2498,True
775,104245,246087,1,16338413,3462,True
776,104248,246087,13,6175084,471,False
777,104434,246087,7,3020269,1801,False
778,104582,246087,13,2736387,731,False
779,104667,246087,5,15829321,1874,False
780,104687,246087,5,13676466,1457,False
781,104722,246087,8,15312744,420,False
782,104845,246087,11,9153514,394,True
783,104846,246087,11,11941281,23,True
784,104931,246087,15,857255,2348,True
785,104933,246087,14,13037352,2286,True
786,104935,246087,14,13020973,2165,True
787,105707,246087,7,9320073,1739,False
788,105743,246087,15,7783660,3477,True
789,106392,246087,12,7346361,1263,True
790,106393,246087,12,3247046,1384,True
791,106394,246087,12,6031384,482,False
792,106399,246087,12,341807,676,True
793,106412,246087,8,14698364,23,True
794,106530,246087,3,5686393,1552,False
795,106593,246087,10,5796825,3254,False
796,106618,246087,10,6405861,3082,False
797,106974,246087,13,11244995,2520,True
798,107011,246087,7,15962666,2469,True
799,107013,246087,7,6263244,1960,True
800,107073,246087,11,4283273,1938,True
801,107075,246087,1,11725955,698,False
802,107076,246087,10,13380850,1084,False
803,107334,246087,10,5508907,1684,False
804,107671,246087,4,7455684,961,True
805,107878,246087,5,2595917,738,True
806,107920,246087,6,15831781,1695,False
807,107963,246087,4,5838058,1735,True
808,107964,246087,1,646393,394,True
809,107965,246087,3,16513319,1841,False
810,108517,246087,9,7915136,1384,False
811,108521,246087,9,3076407,2604,True
812,109281,246087,2,6371763,2637,True
813,109756,246087,2,4071656,1208,True
814,109758,246087,17,3972352,3312,True
815,109961,246087,9,947207,581,True
816,110074,246087,5,11127095,2447,True
817,110076,246087,1,1870457,1953,True
818,110078,246087,5,9299153,1413,True
819,110079,246087,5,9112196,3144,False
820,110266,246087,9,9646263,972,True
821,110397,246087,8,3588576,2465,False
822,110822,246087,6,4260792,3349,False
823,111510,246087,1,1765724,2037,True
824,111513,246087,4,12294665,2604,True
825,111624,246087,2,1127948,2143,True
826,111835,246087,2,11608911,2198,False
827,112332,246087,8,6358972,1307,True
828,112463,246087,15,11211933,2619,False
829,112465,246087,15,10603427,896,False
830,112466,246087,15,11741391,1047,True
831,112960,246087,15,6025135,1889,True
832,113193,246087,4,5180088,1256,True
833,113519,246087,8,6719254,1640,False
834,113523,246087,8,2765849,2469,True
835,113717,246087,17,2948340,863,False
836,113870,246087,8,12904881,2187,False
837,114286,246087,6,11850363,1058,False
838,114582,246087,2,7267401,1157,False
