,0,1,2,3,4
0,246087,2,10902571,1794,0
1,246087,2,12684719,394,0
2,246087,4,6365793,2524,1
3,246087,4,10483885,2663,0
4,246087,4,8923902,2319,1
5,246087,4,11391211,3532,0
6,246087,4,16215646,2341,0
7,246087,5,797211,3550,0
8,246087,1,2399949,1596,0
9,246087,5,15344940,1417,0
10,246087,16,1389850,823,0
11,246087,15,11290967,420,0
12,246087,5,16461845,2443,0
13,246087,6,346928,1622,0
14,246087,6,10936101,2209,1
15,246087,6,8629093,1938,1
16,246087,6,8685338,420,1
17,246087,6,8643507,3082,1
18,246087,3,1934884,2421,0
19,246087,6,12294693,1717,1
20,246087,7,8024101,889,0
21,246087,8,2778203,3060,1
22,246087,16,2521733,2469,1
23,246087,16,8300271,3382,1
24,246087,8,14225493,874,0
25,246087,8,13101140,3466,0
26,246087,9,4268835,2213,0
27,246087,9,4760245,1124,1
28,246087,3,5697565,1640,0
29,246087,9,13968732,1805,1
30,246087,9,13274538,555,1
31,246087,1,9759282,2132,0
32,246087,10,2367476,471,0
33,246087,10,1488645,1982,0
34,246087,10,2465493,911,0
35,246087,10,31532,1794,0
36,246087,10,11138245,812,0
37,246087,10,10051666,2264,1
38,246087,10,11231666,1450,0
39,246087,11,5660990,2088,0
40,246087,11,1003790,2575,0
41,246087,10,15956740,3067,1
42,246087,16,8815348,3349,1
43,246087,11,9394804,1523,0
44,246087,12,3637045,3550,1
45,246087,13,2175204,885,0
46,246087,12,15195003,3484,1
47,246087,1,14672538,2659,1
48,246087,13,7010938,1556,1
49,246087,13,3713907,2502,0
50,246087,14,5701199,2524,0
51,246087,14,4198557,1702,0
52,246087,14,9725940,2615,0
53,246087,15,2367445,1285,1
54,246087,15,1553774,698,1
55,246087,15,618293,1106,0
56,246087,16,4273682,2264,1
57,246087,2,4089532,1534,1
58,246087,16,9424101,2374,0
59,246087,16,14504004,2341,1
60,246087,3,14691260,3221,1
61,246087,17,2948340,863,0
62,246087,2,4423189,1852,1
63,246087,3,2625540,1084,0
64,246087,3,11054451,1768,0
65,246087,4,6099204,3056,1
66,246087,4,14096501,1135,0
67,246087,4,11754501,526,1
68,246087,11,12454199,1746,0
69,246087,11,11580684,1585,1
70,246087,1,14503223,731,0
71,246087,12,1519399,566,1
72,246087,12,94215,548,0
73,246087,12,8652823,2143,1
74,246087,12,11425121,2454,0
75,246087,12,16659326,3173,1
76,246087,12,12019084,3371,0
77,246087,14,14824878,720,1
78,246087,10,4545477,727,0
79,246087,10,6197456,1684,0
80,246087,2,16330845,1863,0
81,246087,11,1295844,2615,0
82,246087,1,9304781,2487,0
83,246087,1,13445133,632,0
84,246087,13,3091962,1633,1
85,246087,11,16350991,3484,0
86,246087,3,2960389,1358,1
87,246087,3,3678281,874,0
88,246087,3,1383767,2652,0
89,246087,12,9148818,2608,1
90,246087,1,5155007,1219,0
91,246087,8,8192820,1993,0
92,246087,3,5686393,1552,0
93,246087,2,14953035,863,1
94,246087,4,2426868,2052,0
95,246087,4,10272663,3210,0
96,246087,1,1404393,1702,1
97,246087,5,1211268,3543,0
98,246087,5,9537435,3060,0
99,246087,5,7617446,1949,1
100,246087,5,3247719,2513,0
101,246087,6,8082043,522,1
102,246087,3,7735794,1201,0
103,246087,6,802942,2293,1
104,246087,6,5317223,3561,1
105,246087,7,382478,834,0
106,246087,7,4766774,1318,0
107,246087,7,12861278,1095,1
108,246087,7,6398742,3100,1
109,246087,8,11156215,1040,1
110,246087,9,1375517,1146,1
111,246087,1,9858321,2524,0
112,246087,9,10315084,2092,0
113,246087,7,1174848,3188,1
114,246087,10,8423190,1607,1
115,246087,10,7319213,3334,0
116,246087,1,11186845,841,1
117,246087,4,16478356,3243,0
118,246087,5,420563,1428,1
119,246087,5,5960025,2147,0
120,246087,5,8633011,1285,1
121,246087,5,8872673,566,0
122,246087,5,6771975,1391,0
123,246087,5,8858870,976,0
124,246087,1,2600139,3415,1
125,246087,1,1262967,2202,1
126,246087,6,1565254,694,1
127,246087,7,7691550,1530,1
128,246087,6,11157480,1128,1
129,246087,7,1892597,1267,1
130,246087,1,6269587,3367,0
131,246087,7,2860204,1779,0
132,246087,7,7422951,1702,0
133,246087,7,6367587,2326,1
134,246087,3,8756810,1124,0
135,246087,8,4112461,3049,1
136,246087,8,2765849,2469,1
137,246087,8,2484649,522,1
138,246087,9,1308194,3195,0
139,246087,8,5374098,570,0
140,246087,8,2686402,1241,0
141,246087,8,4593698,559,1
142,246087,8,12019039,2330,1
143,246087,9,3385732,823,0
144,246087,9,3534670,522,0
145,246087,9,9745449,1607,1
146,246087,9,7383202,2443,1
147,246087,9,8543397,1600,1
148,246087,9,15633146,570,1
149,246087,10,1712204,23,0
150,246087,10,11761633,2681,1
151,246087,10,8915587,2641,0
152,246087,4,13705520,3327,1
153,246087,11,1544103,2015,0
154,246087,10,16379698,2637,0
155,246087,10,16295633,489,0
156,246087,11,6794168,2469,0
157,246087,11,8104787,427,0
158,246087,11,7152532,1113,1
159,246087,3,13162340,2326,0
160,246087,15,12703769,1069,0
161,246087,14,7619680,2191,0
162,246087,5,3523943,852,1
163,246087,5,14692459,2491,0
164,246087,6,2011980,1938,0
165,246087,6,14980809,2630,1
166,246087,6,11354175,2293,0
167,246087,6,11849833,2213,0
168,246087,1,3976575,665,1
169,246087,7,3053252,1223,0
170,246087,7,16451782,3038,0
171,246087,1,8422864,23,1
172,246087,9,1983333,2352,1
173,246087,9,13505707,581,1
174,246087,9,10249296,1607,0
175,246087,9,14043963,731,1
176,246087,6,14374443,3371,1
177,246087,4,9431727,559,1
178,246087,5,5434564,2030,0
179,246087,5,5606141,1585,1
180,246087,0,16276557,911,1
181,246087,10,15702719,2132,0
182,246087,17,3933153,900,0
183,246087,10,1476343,2469,0
184,246087,9,13714902,2531,0
185,246087,10,13989509,387,0
186,246087,4,2122201,867,1
187,246087,12,970733,3177,1
188,246087,0,13417141,1322,0
189,246087,7,6443620,416,1
190,246087,8,9275663,1285,1
191,246087,11,7862415,2421,0
192,246087,9,9090462,420,0
193,246087,15,6089615,716,1
194,246087,14,9844771,2535,1
195,246087,13,15647483,3495,0
196,246087,12,3530431,1794,0
197,246087,2,5427788,409,0
198,246087,3,14312421,1095,1
199,246087,4,10962815,1128,1
200,246087,4,11184710,3517,1
201,246087,15,8924459,1680,1
202,246087,2,1127948,2143,1
203,246087,11,16468486,2619,0
204,246087,11,12362630,3371,0
205,246087,3,1502530,376,0
206,246087,9,13330916,1750,0
207,246087,11,1105183,2147,1
208,246087,10,16145334,823,0
209,246087,11,15825072,1695,0
210,246087,13,12674869,1252,0
211,246087,2,901442,1439,0
212,246087,2,2606711,720,0
213,246087,1,1654896,3484,1
214,246087,4,16248930,1680,1
215,246087,4,12415209,2103,1
216,246087,4,2164587,3539,0
217,246087,3,10474915,3155,1
218,246087,3,8320576,3067,0
219,246087,0,16727013,2487,0
220,246087,4,11301745,2308,1
221,246087,1,1203649,3327,0
222,246087,1,4428272,1889,1
223,246087,5,14947787,3506,1
224,246087,6,7813487,365,1
225,246087,7,3633183,1402,0
226,246087,8,14088610,3371,0
227,246087,15,13295279,2421,0
228,246087,15,11979963,1790,0
229,246087,2,586809,1640,0
230,246087,5,8881963,2692,0
231,246087,16,12647106,2136,0
232,246087,10,8002194,3466,1
233,246087,10,8567612,2685,0
234,246087,12,4420377,1757,0
235,246087,14,186948,1545,1
236,246087,9,3566162,907,1
237,246087,9,3906019,1102,0
238,246087,6,15588009,1256,0
239,246087,1,3570432,628,0
240,246087,6,2807854,1307,0
241,246087,5,16197375,2114,0
242,246087,4,11824975,3056,1
243,246087,4,10501180,1311,1
244,246087,5,13488507,1523,0
245,246087,5,13882763,2337,1
246,246087,6,16388587,3510,1
247,246087,7,2452145,1391,0
248,246087,8,13596679,478,0
249,246087,8,10945013,1073,0
250,246087,8,251649,1380,1
251,246087,4,2960238,3323,1
252,246087,3,5939890,1563,1
253,246087,8,2230812,1483,0
254,246087,7,14622102,1706,0
255,246087,6,6726902,2593,1
256,246087,9,7617702,867,0
257,246087,8,16732320,672,0
258,246087,9,1146095,559,0
259,246087,8,9538148,3422,0
260,246087,10,4140114,819,0
261,246087,16,2399157,790,0
262,246087,16,12013781,1728,0
263,246087,16,10396666,900,0
264,246087,17,3817725,3228,0
265,246087,16,16596208,716,0
266,246087,4,5935557,896,1
267,246087,7,1671853,2293,1
268,246087,6,3924618,1208,1
269,246087,6,3849192,808,1
270,246087,7,16628392,383,0
271,246087,9,5196562,1406,0
272,246087,8,10548290,3305,1
273,246087,8,11315453,694,1
274,246087,10,14092914,1424,1
275,246087,11,7968819,420,1
276,246087,6,7596400,3195,0
277,246087,6,6426800,1622,1
278,246087,12,4800392,1960,1
279,246087,11,14517438,3067,1
280,246087,13,1326162,1534,0
281,246087,12,12864943,2030,1
282,246087,12,11446581,3382,0
283,246087,12,11671115,3488,0
284,246087,13,6588044,1479,1
285,246087,13,8069466,830,0
286,246087,13,12942943,3495,1
287,246087,11,6548852,1461,0
288,246087,11,8281041,998,0
289,246087,12,8335707,3323,1
290,246087,9,7021560,1047,0
291,246087,12,4669805,2520,0
292,246087,11,15511148,1640,1
293,246087,1,14531813,416,0
294,246087,12,999315,3404,0
295,246087,6,12476654,1993,0
296,246087,1,16662424,878,1
297,246087,13,3426587,2125,1
298,246087,13,12112253,3345,1
299,246087,13,2023808,577,1
300,246087,14,12095725,1084,0
301,246087,12,16235064,23,0
302,246087,7,1075287,2498,0
303,246087,7,14583272,2213,1
304,246087,7,9815224,1424,0
305,246087,7,8705430,2165,1
306,246087,2,8626208,2659,0
307,246087,0,15865636,2535,0
308,246087,4,802444,3162,0
309,246087,7,2367381,2425,1
310,246087,4,11241343,1757,0
311,246087,5,3072836,2125,0
312,246087,5,13685129,2363,1
313,246087,5,7203438,365,1
314,246087,5,8346792,1124,1
315,246087,13,880896,8,1
316,246087,8,787813,1739,0
317,246087,5,14978581,478,0
318,246087,6,3076059,467,0
319,246087,7,470681,1391,0
320,246087,7,2055226,2491,0
321,246087,7,6263244,1960,1
322,246087,8,2074266,3510,1
323,246087,7,15962666,2469,0
324,246087,3,15310095,3312,1
325,246087,2,15565116,2363,0
326,246087,6,1452930,1971,1
327,246087,5,6390167,1695,0
328,246087,8,8371929,2110,0
329,246087,8,10435609,1563,0
330,246087,1,6867707,548,1
331,246087,6,13023580,1091,1
332,246087,9,3536315,1801,1
333,246087,8,6990723,19,0
334,246087,8,6134400,1997,0
335,246087,8,1909511,526,1
336,246087,14,2468763,3400,0
337,246087,7,14978655,2498,0
338,246087,7,5737677,1938,0
339,246087,3,3658230,1069,1
340,246087,9,2688614,537,0
341,246087,10,3203208,694,0
342,246087,12,724296,3254,1
343,246087,5,15829321,1874,0
344,246087,2,3014976,1607,0
345,246087,15,15940086,2052,1
346,246087,12,7265396,1428,0
347,246087,1,8447054,2297,0
348,246087,1,9405030,1574,0
349,246087,13,16698647,1684,1
350,246087,14,16678496,1267,0
351,246087,14,16621396,2158,1
352,246087,14,2387469,3221,1
353,246087,16,4440106,1622,0
354,246087,16,15638884,1783,0
355,246087,17,444857,1607,0
356,246087,16,5156484,1267,1
357,246087,4,3011015,3532,0
358,246087,4,2905399,2531,0
359,246087,3,1030215,1311,0
360,246087,9,5313162,2191,1
361,246087,9,13491529,867,0
362,246087,16,9636605,1058,0
363,246087,15,12586175,1413,1
364,246087,15,11359609,372,1
365,246087,9,11553960,841,0
366,246087,1,932294,786,1
367,246087,4,3153563,863,0
368,246087,3,11345330,387,0
369,246087,15,12797382,1223,0
370,246087,15,15159805,687,1
371,246087,15,15802507,1289,1
372,246087,15,12164479,3488,1
373,246087,15,7730507,1841,1
374,246087,5,8532737,431,0
375,246087,1,2125322,3554,0
376,246087,14,9942895,1534,1
377,246087,1,11040453,2330,0
378,246087,6,4526381,1801,0
379,246087,8,6358972,1307,1
380,246087,5,2923865,3539,0
381,246087,11,15096001,885,1
382,246087,11,15524900,2293,1
383,246087,6,6300344,2019,0
384,246087,16,13427020,2169,0
385,246087,16,4037586,1274,1
386,246087,16,16019110,1439,0
387,246087,9,4708279,2681,0
388,246087,9,1813295,1241,1
389,246087,1,10938911,738,1
390,246087,10,9327218,2103,1
391,246087,16,6353684,1644,0
392,246087,9,9716092,2165,0
393,246087,8,1525648,867,0
394,246087,11,1069180,823,1
395,246087,6,4148368,1380,0
396,246087,5,14190205,2447,0
397,246087,9,13662886,3543,0
398,246087,9,5575272,3104,0
399,246087,11,4407983,2213,1
400,246087,12,14536839,3550,1
401,246087,12,14236166,1102,1
402,246087,12,12945716,522,1
403,246087,13,2976378,504,1
404,246087,2,3065887,1479,1
405,246087,14,16259410,2608,0
406,246087,15,15407830,1867,0
407,246087,2,11641578,3484,0
408,246087,15,11553479,874,0
409,246087,17,2224953,3462,1
410,246087,15,14314282,812,1
411,246087,6,15358176,1373,1
412,246087,10,1671236,878,0
413,246087,16,6575721,2176,0
414,246087,16,13995523,3539,1
415,246087,16,12977479,511,1
416,246087,17,2423600,834,0
417,246087,1,13809347,954,1
418,246087,10,2040818,588,0
419,246087,0,12964823,1567,0
420,246087,13,6175084,471,0
421,246087,13,4572717,845,1
422,246087,13,720717,3356,1
423,246087,13,7818251,2498,1
424,246087,1,16338413,3462,1
425,246087,6,11850363,1058,0
426,246087,13,4100348,581,1
427,246087,11,5488264,3195,0
428,246087,1,16714236,2099,0
429,246087,10,2542286,998,1
430,246087,13,16719747,1889,0
431,246087,8,6981649,3561,0
432,246087,8,3018915,1322,0
433,246087,7,11451787,1311,1
434,246087,14,9553121,489,0
435,246087,14,7354947,1600,0
436,246087,14,13760147,2659,0
437,246087,10,4378554,683,0
438,246087,15,216880,2641,1
439,246087,14,15165117,1790,1
440,246087,2,1180813,3206,0
441,246087,16,3038668,885,1
442,246087,10,5044309,1413,1
443,246087,16,9070878,3360,1
444,246087,16,10278045,987,0
445,246087,2,3096169,1574,0
446,246087,8,15406575,2260,0
447,246087,2,7841542,1428,0
448,246087,2,9071851,1267,0
449,246087,2,8047747,2414,0
450,246087,9,12655079,1889,1
451,246087,9,4188872,3484,0
452,246087,3,8486321,1036,0
453,246087,0,15452599,3210,0
454,246087,3,12391326,2282,0
455,246087,3,10673015,3243,1
456,246087,3,16650774,1644,0
457,246087,10,10080202,1874,1
458,246087,4,7302023,1311,0
459,246087,5,6200457,427,0
460,246087,5,4475796,3060,0
461,246087,4,11075884,2630,0
462,246087,10,15292504,1245,0
463,246087,1,2024251,1307,1
464,246087,4,15606080,1611,0
465,246087,4,14987190,2615,1
466,246087,5,6963051,1051,0
467,246087,5,4404169,2674,1
468,246087,5,2595917,738,1
469,246087,5,8665521,1596,0
470,246087,5,7883917,2363,0
471,246087,5,12396969,1450,1
472,246087,1,3482762,3532,0
473,246087,6,2770453,1285,1
474,246087,6,9822781,2015,1
475,246087,6,9014931,863,0
476,246087,6,10567210,2282,0
477,246087,4,11355387,2476,0
478,246087,6,15992810,3404,0
479,246087,6,15356303,2191,0
480,246087,7,8480699,2421,0
481,246087,7,4797360,1113,0
482,246087,7,4649826,2630,1
483,246087,7,962192,2447,0
484,246087,7,10448244,2275,0
485,246087,7,7765103,2513,1
486,246087,7,7369026,911,0
487,246087,7,15209392,1680,1
488,246087,1,10679649,2652,1
489,246087,1,7965392,1428,0
490,246087,8,2083731,1530,1
491,246087,8,862555,365,0
492,246087,8,7499962,1541,1
493,246087,8,10953981,2443,1
494,246087,8,14258278,581,0
495,246087,8,9695426,3499,0
496,246087,8,16759792,2436,1
497,246087,5,941745,1278,0
498,246087,9,11063581,3543,1
499,246087,9,7848155,2458,0
500,246087,10,3324065,1942,1
501,246087,10,982109,1424,1
502,246087,11,6052104,1483,1
503,246087,10,11070897,1358,1
504,246087,11,7812226,661,1
505,246087,11,5617755,1607,1
506,246087,11,4747653,863,0
507,246087,11,7008509,2513,0
508,246087,12,176555,2282,1
509,246087,11,14910555,2337,0
510,246087,13,6914955,1783,0
511,246087,11,12373220,3550,0
512,246087,11,9567715,2209,0
513,246087,8,3994566,998,1
514,246087,12,15349877,1938,0
515,246087,12,15612191,1095,0
516,246087,12,12637877,1252,0
517,246087,13,5183909,2352,0
518,246087,13,6603220,2509,0
519,246087,13,2628420,867,0
520,246087,13,1227086,987,0
521,246087,13,12979735,687,0
522,246087,13,10596979,2476,0
523,246087,13,9326602,2513,1
524,246087,13,16057692,896,1
525,246087,13,16468554,1483,1
526,246087,14,799802,2282,1
527,246087,14,11293335,705,1
528,246087,14,10774686,852,0
529,246087,15,6445427,1124,0
530,246087,15,6992463,3104,1
531,246087,15,4945735,1267,0
532,246087,15,1711486,2458,0
533,246087,15,13520686,845,1
534,246087,15,10603427,896,0
535,246087,15,11741391,1047,0
536,246087,2,2740820,1124,1
537,246087,17,3621779,3506,1
538,246087,17,2829304,3254,0
539,246087,2,12108309,863,0
540,246087,1,13854576,3067,0
541,246087,12,4790915,544,1
542,246087,2,15630709,515,0
543,246087,2,12961620,2454,0
544,246087,3,14880656,2271,0
545,246087,4,2479827,2286,1
546,246087,4,1699827,867,0
547,246087,4,3111985,3426,0
548,246087,4,1642179,511,0
549,246087,4,8778979,863,0
550,246087,4,6615933,2132,1
551,246087,4,13756579,1197,1
552,246087,4,13701002,592,1
553,246087,4,13989086,2165,0
554,246087,4,16766554,2110,0
555,246087,1,2217933,2436,0
556,246087,12,9249387,2604,0
557,246087,5,2992554,694,1
558,246087,5,4064333,522,1
559,246087,5,8088333,2202,0
560,246087,5,13717533,2571,0
561,246087,6,812984,566,0
562,246087,8,100504,2498,0
563,246087,7,1273100,790,1
564,246087,10,10844242,3206,0
565,246087,10,9370221,1938,1
566,246087,7,9066058,819,1
567,246087,13,1035123,1863,1
568,246087,7,11994919,1373,0
569,246087,7,13795863,1938,0
570,246087,7,15030936,1113,0
571,246087,8,3616089,1113,0
572,246087,8,2733193,808,0
573,246087,7,15867846,1106,0
574,246087,8,5421570,2169,0
575,246087,8,2246584,1680,1
576,246087,7,15614868,2524,0
577,246087,8,6317100,1783,0
578,246087,1,8543500,1256,0
579,246087,8,10427900,2586,1
580,246087,8,7693161,1964,1
581,246087,9,2903258,1975,0
582,246087,9,3468291,1931,0
583,246087,8,4808227,3038,1
584,246087,9,9646263,972,1
585,246087,13,3688654,3404,1
586,246087,13,4678849,2253,1
587,246087,10,2361742,965,1
588,246087,10,4579891,1219,0
589,246087,10,6571336,1680,1
590,246087,8,5597456,1523,1
591,246087,10,5997154,2663,0
592,246087,10,5872519,1600,0
593,246087,1,12434058,1091,1
594,246087,11,11688287,478,1
595,246087,12,1667863,2498,1
596,246087,12,1146005,1472,0
597,246087,12,7346361,1263,1
598,246087,0,13285846,2535,0
599,246087,12,7647530,1457,1
600,246087,11,3659781,2286,0
601,246087,11,5516925,889,0
602,246087,1,15486468,1479,0
603,246087,1,14610805,1717,1
604,246087,13,7495289,526,0
605,246087,12,13239421,3071,0
606,246087,1,14573021,1717,0
607,246087,14,15948119,2198,0
608,246087,2,1228172,1975,0
609,246087,15,2685046,1289,0
610,246087,14,16564691,2271,1
611,246087,15,1379205,2275,1
612,246087,15,5104136,2275,1
613,246087,15,12923205,2337,0
614,246087,15,14483237,2575,0
615,246087,16,15986037,1805,1
616,246087,16,10922691,874,0
617,246087,12,14611872,2209,0
618,246087,2,9375742,786,1
619,246087,2,6604536,3356,0
620,246087,2,14922868,841,0
621,246087,2,13378519,1633,0
622,246087,3,1453463,537,1
623,246087,3,7930291,3239,0
624,246087,3,7620572,2626,0
625,246087,3,16513319,1841,0
626,246087,3,11359289,2136,1
627,246087,14,11321271,672,1
628,246087,4,5838058,1735,1
629,246087,1,646393,394,1
630,246087,4,14426354,2019,0
631,246087,1,3118489,1724,1
632,246087,5,7728246,1435,0
633,246087,13,9826704,1413,0
634,246087,6,248615,983,1
635,246087,6,9187799,3517,1
636,246087,9,9090191,581,1
637,246087,1,9499027,1245,0
638,246087,6,13635574,383,0
639,246087,7,9422790,961,0
640,246087,8,5690878,1761,0
641,246087,6,15831781,1695,0
642,246087,9,8073068,1563,0
643,246087,9,6825590,1680,0
644,246087,9,5914126,1779,1
645,246087,14,11383639,863,0
646,246087,14,2608534,808,1
647,246087,10,12478790,2502,0
648,246087,7,15042346,2264,0
649,246087,6,14622532,2374,1
650,246087,1,13869368,592,0
651,246087,1,1208560,2458,0
652,246087,4,6739265,3543,1
653,246087,15,1899044,1080,1
654,246087,5,2795228,1322,0
655,246087,6,15375724,1761,1
656,246087,7,14154794,1691,1
657,246087,7,7116001,2019,0
658,246087,8,14629955,1971,1
659,246087,8,16545806,405,1
660,246087,14,7508699,1761,1
661,246087,9,8535724,577,0
662,246087,15,5871581,2326,0
663,246087,10,13380850,1084,0
664,246087,11,12415955,1596,0
665,246087,11,4283273,1938,1
666,246087,11,149892,1841,0
667,246087,4,4148653,2465,1
668,246087,12,8484977,1263,0
669,246087,12,8640001,1644,1
670,246087,1,16560308,478,0
671,246087,13,9105065,2524,1
672,246087,14,1592450,819,0
673,246087,13,12684483,2670,0
674,246087,14,12681092,1953,0
675,246087,16,3955201,2637,1
676,246087,16,1206299,3466,1
677,246087,6,2082533,1150,0
678,246087,2,4050367,1278,0
679,246087,3,2175638,3345,1
680,246087,2,13227300,672,1
681,246087,4,16154556,874,1
682,246087,4,12361155,398,1
683,246087,4,10307492,694,0
684,246087,4,11780989,1095,0
685,246087,17,2587309,1256,0
686,246087,17,848828,1931,0
687,246087,5,12993092,797,1
688,246087,16,16573416,515,1
689,246087,12,16151424,1585,1
690,246087,2,8380278,1867,0
691,246087,16,14170210,2670,0
692,246087,16,13569010,500,0
693,246087,3,11888994,1728,0
694,246087,15,16067664,812,1
695,246087,14,1766507,2271,1
696,246087,13,9178233,1263,0
697,246087,13,9099841,3404,0
698,246087,2,4978224,1790,0
699,246087,2,12438410,511,1
700,246087,3,3203078,2498,0
701,246087,3,10228356,3089,0
702,246087,13,4173888,2447,1
703,246087,12,13319062,1563,0
704,246087,12,13423655,1938,1
705,246087,12,15450759,1479,0
706,246087,13,7636573,1622,1
707,246087,13,15940220,1391,0
708,246087,14,1776662,3462,0
709,246087,2,9046916,830,1
710,246087,2,7308166,1124,1
711,246087,14,13037352,2286,1
712,246087,15,4774262,577,1
713,246087,15,6196537,2308,0
714,246087,15,857255,2348,1
715,246087,16,3372505,2176,1
716,246087,2,2595020,1640,0
717,246087,16,7113616,2491,0
718,246087,16,6795373,1805,0
719,246087,2,2549062,2304,0
720,246087,2,11108953,1585,0
721,246087,2,9371421,1446,0
722,246087,2,11052040,1717,0
723,246087,2,5438834,3093,1
724,246087,2,10077255,2480,0
725,246087,2,9025559,972,1
726,246087,2,6615290,2213,1
727,246087,3,1783667,2370,1
728,246087,3,458573,2619,1
729,246087,0,14829773,727,1
730,246087,3,4621690,1794,1
731,246087,3,14999159,1128,0
732,246087,3,10275798,1113,1
733,246087,4,6113159,841,1
734,246087,1,1952386,998,0
735,246087,1,2565488,3038,0
736,246087,5,1285373,2637,0
737,246087,5,12037888,19,1
738,246087,5,8151020,2169,0
739,246087,5,14852034,511,0
740,246087,6,1667564,1768,0
741,246087,6,9124267,3426,0
742,246087,6,6397124,705,1
743,246087,6,8378352,1867,0
744,246087,3,10922439,383,1
745,246087,7,4377467,1483,1
746,246087,7,6013591,2531,0
747,246087,7,4080456,2696,0
748,246087,7,10130667,2352,0
749,246087,7,13594185,1702,1
750,246087,8,9902585,874,0
751,246087,9,3659656,841,1
752,246087,9,3333785,2630,1
753,246087,9,135713,365,0
754,246087,9,5937952,1373,1
755,246087,10,5221837,522,0
756,246087,10,1200185,2604,1
757,246087,11,453924,1479,0
758,246087,10,16052949,2520,0
759,246087,10,4244194,2008,1
760,246087,11,12733313,2659,0
761,246087,11,9153514,394,0
762,246087,11,11941281,23,0
763,246087,12,819591,1874,1
764,246087,12,2820075,1607,1
765,246087,11,16750875,2297,0
766,246087,12,10892600,1395,0
767,246087,12,15595281,2052,1
768,246087,12,14868123,548,1
769,246087,1,15247552,1245,0
770,246087,13,8384298,1256,1
771,246087,13,5973370,2436,0
772,246087,13,2273281,1435,0
773,246087,13,4979514,830,0
774,246087,13,10094667,3071,0
775,246087,10,14439425,2297,1
776,246087,14,13442585,398,0
777,246087,2,1718314,431,0
778,246087,3,14867607,3323,1
779,246087,0,15232074,1545,0
780,246087,5,11429595,1139,0
781,246087,5,6954430,1080,1
782,246087,4,11305032,2249,0
783,246087,9,7684120,1772,0
784,246087,9,8793029,1062,0
785,246087,8,15312744,420,0
786,246087,9,14051247,2593,0
787,246087,9,13968821,845,0
788,246087,11,9226612,1761,0
789,246087,11,5175057,3356,0
790,246087,11,10871916,1997,1
791,246087,11,15066062,559,0
792,246087,4,9994704,3378,0
793,246087,12,10970493,1278,1
794,246087,13,14284371,1080,1
795,246087,14,527662,954,1
796,246087,1,16549874,2571,0
797,246087,15,1608674,1117,0
798,246087,14,16551812,907,1
799,246087,16,6994371,1805,0
800,246087,15,13772188,1102,0
801,246087,2,2797765,2681,0
802,246087,2,8486462,676,0
803,246087,2,6209596,3367,1
804,246087,2,14399029,845,0
805,246087,0,13510650,2370,0
806,246087,17,3862975,705,1
807,246087,17,3011231,2326,1
808,246087,17,753033,2619,0
809,246087,2,16716283,1380,1
810,246087,2,15948371,3188,1
811,246087,3,9553526,1702,0
812,246087,3,6775526,2663,0
813,246087,4,822847,2465,0
814,246087,4,12848657,2264,1
815,246087,4,10192629,3360,0
816,246087,5,1223615,900,1
817,246087,6,1914137,1611,0
818,246087,5,15128120,1461,1
819,246087,4,15352642,3411,0
820,246087,1,6459937,1874,1
821,246087,5,7255177,911,1
822,246087,6,6720552,3221,1
823,246087,1,4383737,1750,0
824,246087,6,13285462,867,0
825,246087,1,4279352,3404,1
826,246087,1,4302620,2187,0
827,246087,7,1931690,1530,0
828,246087,6,14576090,3045,0
829,246087,7,9523931,1644,0
830,246087,7,15015409,2363,0
831,246087,1,7675290,1519,1
832,246087,8,10586490,1146,0
833,246087,5,3928595,3543,1
834,246087,5,697472,3056,0
835,246087,8,14698364,23,1
836,246087,13,1460933,3056,0
837,246087,9,5059290,2337,0
838,246087,9,333043,559,1
839,246087,1,9912301,2271,1
840,246087,9,6031586,1607,0
841,246087,9,12254609,900,1
842,246087,10,1914620,2165,1
843,246087,9,15886220,2681,0
844,246087,9,16723616,2286,0
845,246087,11,3808759,1128,0
846,246087,10,16163398,1245,1
847,246087,1,11889159,3067,0
848,246087,11,95986,2352,1
849,246087,11,6151216,431,0
850,246087,11,4199159,1139,0
851,246087,11,12105820,628,1
852,246087,5,11418245,1358,1
853,246087,3,13213048,1768,0
854,246087,4,5337448,1750,1
855,246087,4,8926237,1424,1
856,246087,4,15110237,994,1
857,246087,5,3652806,1768,0
858,246087,5,6103924,863,1
859,246087,5,9055606,2015,0
860,246087,6,1388022,2498,0
861,246087,6,5361728,1267,0
862,246087,6,3028772,1805,1
863,246087,15,11268391,1695,0
864,246087,6,13707139,1483,0
865,246087,6,1704506,2619,0
866,246087,6,12916,1051,1
867,246087,7,168349,1644,0
868,246087,7,6520784,1047,0
869,246087,7,8381549,808,1
870,246087,7,13563539,1845,1
871,246087,7,11839310,3104,1
872,246087,1,8157184,1395,1
873,246087,8,658685,2498,1
874,246087,8,6999949,830,0
875,246087,8,5162658,896,1
876,246087,9,2259246,2169,1
877,246087,8,14022285,2513,1
878,246087,8,14302285,2535,0
879,246087,9,6292494,1971,0
880,246087,15,4988714,1062,0
881,246087,6,6118032,863,1
882,246087,6,4563469,2019,1
883,246087,9,8096784,409,1
884,246087,9,8461423,1779,1
885,246087,9,5042561,1139,0
886,246087,9,5405646,2571,1
887,246087,10,1611,3206,0
888,246087,10,5162561,705,0
889,246087,10,11194302,1439,0
890,246087,10,10035984,1417,1
891,246087,11,230894,3426,1
892,246087,10,15802258,3473,1
893,246087,15,933748,1695,1
894,246087,15,2239659,1889,1
895,246087,1,12514446,1095,0
896,246087,14,5162411,1439,0
897,246087,14,2484128,416,0
898,246087,15,5531552,972,0
899,246087,16,13825695,1369,1
900,246087,16,4204102,1611,1
901,246087,2,3684027,1702,1
902,246087,2,4071656,1208,1
903,246087,17,3972352,3312,1
904,246087,6,12326247,3093,0
905,246087,5,9432876,716,0
906,246087,15,6126585,1047,0
907,246087,2,9658200,2681,0
908,246087,6,14349493,1402,1
909,246087,6,13123107,1369,0
910,246087,6,9837076,3389,0
911,246087,6,4871701,1622,0
912,246087,2,8265723,3539,1
913,246087,11,1971076,1713,1
914,246087,2,14761323,1534,0
915,246087,10,10816004,1750,1
916,246087,12,7855635,3140,0
917,246087,2,16213524,1307,0
918,246087,1,13202769,3078,1
919,246087,12,15298004,2352,1
920,246087,3,1499152,3393,0
921,246087,3,14359664,3082,1
922,246087,3,10081543,3254,1
923,246087,2,1881790,3173,0
924,246087,14,1666645,427,0
925,246087,7,3285553,2535,0
926,246087,7,2164950,3089,1
927,246087,16,9284538,504,1
928,246087,16,5161635,2469,0
929,246087,3,7908970,2608,0
930,246087,15,2016237,1230,1
931,246087,1,1651493,2271,0
932,246087,3,13008475,1362,1
933,246087,4,16756138,705,1
934,246087,5,2459189,1841,1
935,246087,4,16354194,361,1
936,246087,4,12209767,2696,0
937,246087,4,5416618,1245,0
938,246087,6,8149696,1975,1
939,246087,7,10066403,1479,1
940,246087,14,16336479,2575,1
941,246087,7,5806306,3543,0
942,246087,8,9394763,427,0
943,246087,8,1327041,1417,0
944,246087,9,3823137,1874,0
945,246087,8,14235252,515,0
946,246087,10,1112096,1684,1
947,246087,9,16511033,3049,0
948,246087,9,9637279,3250,1
949,246087,10,12791563,3177,0
950,246087,10,5508907,1684,0
951,246087,0,12611598,1435,0
952,246087,2,14030397,885,1
953,246087,7,16373573,954,0
954,246087,8,2713764,819,1
955,246087,0,14751163,2030,1
956,246087,8,7479327,2213,1
957,246087,3,1026323,2696,0
958,246087,8,1471229,3089,1
959,246087,2,8169758,588,1
960,246087,2,7036831,1695,0
961,246087,8,13074408,3166,1
962,246087,9,9938373,1051,0
963,246087,10,110660,954,0
964,246087,9,10675814,1241,1
965,246087,11,2459125,3254,1
966,246087,10,7670541,1713,0
967,246087,11,4948222,3162,1
968,246087,11,5273055,1322,0
969,246087,11,1670350,2158,0
970,246087,11,15354808,841,0
971,246087,11,13743598,1931,0
972,246087,11,14805896,3034,1
973,246087,1,13359150,1761,0
974,246087,7,14610388,2253,1
975,246087,12,12422911,983,1
976,246087,13,5588099,687,0
977,246087,3,628975,3554,0
978,246087,15,1737912,3349,0
979,246087,15,5398773,1874,1
980,246087,14,12906541,2026,1
981,246087,2,2017496,544,1
982,246087,16,13294927,1563,0
983,246087,2,11608911,2198,0
984,246087,0,13863277,1545,0
985,246087,8,4545165,1267,1
986,246087,3,2962725,1993,1
987,246087,3,8161364,911,0
988,246087,3,4875496,987,0
989,246087,3,12625311,2359,0
990,246087,9,14693960,1384,0
991,246087,4,4259775,12,1
992,246087,0,16643506,2052,1
993,246087,4,8903643,834,0
994,246087,4,3486486,643,0
995,246087,5,1218660,1274,1
996,246087,4,15372312,1761,1
997,246087,4,3040311,577,0
998,246087,5,2203512,2498,0
999,246087,8,5890365,3561,0
1000,246087,4,10433224,812,0
1001,246087,1,2448049,1695,1
1002,246087,1,1767137,2019,0
1003,246087,0,12537766,3199,0
1004,246087,6,12695442,2476,1
1005,246087,7,1219928,2030,1
1006,246087,14,13174086,1245,0
1007,246087,7,10836153,3250,1
1008,246087,8,12498996,1761,1
1009,246087,2,796000,709,1
1010,246087,9,8510995,2626,1
1011,246087,15,626824,372,1
1012,246087,10,952934,3400,0
1013,246087,10,11979734,420,1
1014,246087,4,7455684,961,1
1015,246087,1,632247,1931,1
1016,246087,4,5096788,797,0
1017,246087,4,15596338,1779,0
1018,246087,12,3318680,1622,0
1019,246087,12,3956932,3378,0
1020,246087,12,5264239,416,1
1021,246087,12,7946168,1801,0
1022,246087,12,14119751,2260,1
1023,246087,12,11538735,361,0
1024,246087,12,10049535,3539,1
1025,246087,12,14953368,1644,0
1026,246087,12,13355703,1289,0
1027,246087,12,12258249,998,1
1028,246087,13,2736387,731,0
1029,246087,13,2265233,1633,0
1030,246087,14,4694503,2143,0
1031,246087,14,9649654,2626,0
1032,246087,14,8681135,2165,1
1033,246087,9,14055229,812,0
1034,246087,14,8976776,661,1
1035,246087,9,3776857,2652,0
1036,246087,15,6025135,1889,1
1037,246087,15,2741187,2670,0
1038,246087,4,3672497,548,0
1039,246087,2,2332346,1938,0
1040,246087,15,14923404,1197,0
1041,246087,2,3132346,2630,1
1042,246087,16,11773768,3049,1
1043,246087,16,9049439,3104,1
1044,246087,2,3820833,1124,0
1045,246087,16,16605135,515,0
1046,246087,17,1305146,12,0
1047,246087,2,7431404,2352,0
1048,246087,2,7227587,3060,0
1049,246087,2,14136833,3038,1
1050,246087,2,14336639,1841,0
1051,246087,2,12198239,650,0
1052,246087,2,11068705,841,1
1053,246087,9,7779153,1417,1
1054,246087,3,8256639,1783,0
1055,246087,3,14783870,3254,0
1056,246087,3,15140151,3495,0
1057,246087,4,1444197,3415,0
1058,246087,4,1606387,2348,1
1059,246087,4,967439,2363,0
1060,246087,4,9695703,2696,0
1061,246087,4,10872968,676,0
1062,246087,4,10545962,1938,0
1063,246087,9,16263834,2359,0
1064,246087,9,14002171,1841,0
1065,246087,11,9346043,2597,1
1066,246087,5,7152151,911,0
1067,246087,4,12017331,2264,1
1068,246087,1,3484249,2520,1
1069,246087,5,14939146,3239,0
1070,246087,1,3665461,2180,0
1071,246087,0,11990874,1578,1
1072,246087,0,11906219,3305,0
1073,246087,6,13447536,819,1
1074,246087,10,7303632,3166,0
1075,246087,10,2944319,1139,1
1076,246087,10,1158032,2147,0
1077,246087,12,6883208,3521,1
1078,246087,12,3183173,3466,1
1079,246087,12,3705150,1706,1
1080,246087,5,14692897,1975,0
1081,246087,6,966794,2165,0
1082,246087,6,2528577,1219,0
1083,246087,6,13048838,2143,1
1084,246087,6,9377273,823,0
1085,246087,6,16428801,544,1
1086,246087,6,13895859,911,0
1087,246087,7,5764124,1779,0
1088,246087,7,10054500,2641,1
1089,246087,10,16132293,2674,0
1090,246087,5,13676466,1457,0
1091,246087,5,9708804,3184,1
1092,246087,7,16417865,2180,0
1093,246087,8,1394577,1801,1
1094,246087,8,8864292,3177,1
1095,246087,8,11993724,1139,0
1096,246087,8,15932100,2626,0
1097,246087,9,3355522,2264,0
1098,246087,9,9454231,361,0
1099,246087,9,8446073,972,0
1100,246087,10,8147006,1461,1
1101,246087,10,7729059,1483,0
1102,246087,10,15843601,1611,0
1103,246087,11,6688001,1150,1
1104,246087,1,12123031,661,0
1105,246087,11,13900050,878,0
1106,246087,12,2349967,731,1
1107,246087,12,10653955,1644,0
1108,246087,13,11170177,1589,1
1109,246087,12,16647006,2154,0
1110,246087,13,2715865,1622,1
1111,246087,13,3123859,431,1
1112,246087,14,14375567,856,0
1113,246087,1,16595492,1358,1
1114,246087,2,3181092,1245,1
1115,246087,15,10737194,3550,0
1116,246087,15,10816177,2480,1
1117,246087,2,4355377,1757,1
1118,246087,2,5581201,1618,1
1119,246087,2,16312956,852,1
1120,246087,2,11955122,1139,0
1121,246087,2,12587967,3217,0
1122,246087,3,2227406,1245,1
1123,246087,1,40708,1263,0
1124,246087,4,7093638,2524,0
1125,246087,4,12294665,2604,1
1126,246087,4,9598050,3243,0
1127,246087,4,8567700,1413,1
1128,246087,5,1886755,709,0
1129,246087,1,1765724,2037,1
1130,246087,5,5257955,852,0
1131,246087,5,4577922,1801,1
1132,246087,6,7974025,867,0
1133,246087,0,12439824,867,0
1134,246087,1,6281241,1867,0
1135,246087,7,3756611,2487,0
1136,246087,7,7918727,3327,1
1137,246087,7,3189489,2370,0
1138,246087,7,8235052,878,0
1139,246087,11,13774403,727,0
1140,246087,11,10977603,1779,1
1141,246087,11,12345553,1424,0
1142,246087,7,13646917,1728,0
1143,246087,7,11511411,1739,0
1144,246087,7,12038563,896,0
1145,246087,1,7630673,856,0
1146,246087,8,2292980,2421,0
1147,246087,8,9596563,3499,0
1148,246087,8,6868652,1139,1
1149,246087,9,749424,3499,0
1150,246087,2,4523860,1139,0
1151,246087,2,3654986,3140,0
1152,246087,2,4329125,1530,0
1153,246087,9,16626382,3228,1
1154,246087,12,9547988,471,1
1155,246087,10,2412939,3166,0
1156,246087,10,12503982,2187,0
1157,246087,10,5796825,3254,0
1158,246087,10,9340070,1373,0
1159,246087,10,9532888,3327,0
1160,246087,11,3976825,405,1
1161,246087,10,15664611,1289,0
1162,246087,11,100273,1863,0
1163,246087,11,2992441,2608,1
1164,246087,2,9027581,1794,0
1165,246087,11,8757317,2469,0
1166,246087,5,5175232,1993,1
1167,246087,0,13005614,867,0
1168,246087,11,12160252,23,0
1169,246087,11,13381473,1997,0
1170,246087,13,6035095,3554,0
1171,246087,0,13698273,2465,0
1172,246087,12,4962718,676,1
1173,246087,12,10692673,3404,1
1174,246087,1,14984375,694,1
1175,246087,12,12737363,3173,1
1176,246087,12,9422088,3334,1
1177,246087,2,12526065,2319,1
1178,246087,13,3243225,709,1
1179,246087,13,4983089,1384,0
1180,246087,13,12881746,3177,1
1181,246087,14,573011,878,0
1182,246087,13,10811811,2432,0
1183,246087,14,8173424,12,1
1184,246087,14,14255011,830,1
1185,246087,14,12172146,2260,1
1186,246087,14,7329127,559,1
1187,246087,15,397588,738,1
1188,246087,0,14872131,2374,0
1189,246087,2,2908441,1080,0
1190,246087,15,10765452,2520,1
1191,246087,16,1790025,2692,0
1192,246087,16,4550070,2593,1
1193,246087,15,16269717,3360,0
1194,246087,16,16368470,2286,1
1195,246087,2,6371763,2637,1
1196,246087,17,514180,1750,1
1197,246087,2,8201339,2465,1
1198,246087,0,14002041,23,0
1199,246087,2,12251824,972,0
1200,246087,2,11242718,581,0
1201,246087,3,346465,2048,0
1202,246087,4,13172660,731,0
1203,246087,3,2800163,2414,0
1204,246087,3,5857927,3349,1
1205,246087,3,15581175,672,0
1206,246087,4,1242070,3206,1
1207,246087,3,14928470,2652,1
1208,246087,1,255452,1640,1
1209,246087,4,1780963,1391,0
1210,246087,4,444939,2030,0
1211,246087,4,5180088,1256,1
1212,246087,4,15457670,1717,0
1213,246087,17,932719,1993,1
1214,246087,10,16635166,1095,1
1215,246087,10,15753832,830,0
1216,246087,10,13023061,3422,0
1217,246087,11,3948129,1691,0
1218,246087,4,8571820,994,0
1219,246087,7,10818240,2535,0
1220,246087,1,8216185,863,0
1221,246087,8,6851749,2692,0
1222,246087,11,10569230,478,1
1223,246087,11,12528661,2513,0
1224,246087,9,11356913,2158,1
1225,246087,7,8822795,3550,0
1226,246087,12,835551,3071,1
1227,246087,13,10227222,3151,1
1228,246087,0,13944307,900,0
1229,246087,12,12891607,1585,1
1230,246087,6,9133086,3089,0
1231,246087,12,13447513,2692,1
1232,246087,13,6287708,2026,0
1233,246087,14,608485,1369,1
1234,246087,14,8437378,1201,0
1235,246087,3,10640896,1058,0
1236,246087,3,10364605,2271,0
1237,246087,15,33642,2414,0
1238,246087,14,12615032,1036,0
1239,246087,15,9436395,3554,1
1240,246087,15,9195607,841,0
1241,246087,2,1998007,1150,0
1242,246087,1,13147034,720,0
1243,246087,15,16569783,3210,0
1244,246087,16,2398736,1157,0
1245,246087,17,3114830,416,0
1246,246087,17,2685378,2110,0
1247,246087,1,1085375,1805,1
1248,246087,2,9557285,3323,0
1249,246087,2,12520842,1735,0
1250,246087,3,785966,2037,0
1251,246087,3,6771497,533,0
1252,246087,3,5569951,994,1
1253,246087,12,6917706,3393,0
1254,246087,3,8940983,2169,1
1255,246087,3,13761708,994,1
1256,246087,3,14122042,1,0
1257,246087,3,11613308,2374,0
1258,246087,4,837344,2088,1
1259,246087,3,14637230,2637,0
1260,246087,4,5100129,2132,0
1261,246087,4,8042297,1717,1
1262,246087,4,12081285,2304,1
1263,246087,5,1474085,1563,0
1264,246087,4,15387308,661,0
1265,246087,4,14965274,1805,0
1266,246087,5,4728661,1691,0
1267,246087,5,4252183,3217,1
1268,246087,1,3444074,716,0
1269,246087,5,7310485,3393,1
1270,246087,5,13356336,2659,1
1271,246087,13,10726832,1424,0
1272,246087,6,1454462,1040,0
1273,246087,1,3301615,3323,1
1274,246087,7,4161840,3422,0
1275,246087,6,2857759,727,1
1276,246087,6,11013718,731,0
1277,246087,6,13735126,1040,0
1278,246087,6,14903544,3561,0
1279,246087,6,14520421,1150,1
1280,246087,7,10955483,3528,1
1281,246087,7,13375171,1600,1
1282,246087,7,7557759,3155,0
1283,246087,7,14992612,2637,0
1284,246087,8,5415171,845,1
1285,246087,8,2493926,1607,1
1286,246087,8,12287457,3060,1
1287,246087,8,6479693,2663,0
1288,246087,14,3911138,1036,1
1289,246087,9,5432344,1223,0
1290,246087,8,16164862,705,1
1291,246087,8,12184129,533,1
1292,246087,10,9355144,3038,0
1293,246087,11,3322710,2670,0
1294,246087,11,3500920,2663,0
1295,246087,11,2120118,2249,0
1296,246087,11,3145293,1779,1
1297,246087,11,3526,1552,1
1298,246087,11,9291857,2597,0
1299,246087,11,6186588,3550,0
1300,246087,11,15640588,1073,0
1301,246087,15,7783660,3477,1
1302,246087,14,8656484,3199,1
1303,246087,7,5876351,1278,0
1304,246087,9,3076407,2604,0
1305,246087,13,1552674,1706,0
1306,246087,13,131621,2535,0
1307,246087,14,899483,976,1
1308,246087,13,14292629,522,0
1309,246087,9,3839607,1073,0
1310,246087,9,9790983,1852,0
1311,246087,9,9150766,1124,0
1312,246087,9,9193995,3550,0
1313,246087,9,8346944,1867,0
1314,246087,9,6088240,3356,1
1315,246087,5,11127095,2447,1
1316,246087,1,1870457,1953,1
1317,246087,5,9299153,1413,1
1318,246087,2,2480060,3316,0
1319,246087,16,355771,1252,0
1320,246087,10,3296336,889,1
1321,246087,10,2796508,2498,1
1322,246087,9,6818867,2637,0
1323,246087,10,3798144,3177,0
1324,246087,10,1402007,2202,0
1325,246087,5,6633845,2348,1
1326,246087,7,4188285,2447,0
1327,246087,6,13700094,3554,0
1328,246087,6,6570811,3217,1
1329,246087,6,5374140,526,1
1330,246087,10,7833102,1091,1
1331,246087,1,9642494,3188,1
1332,246087,9,3230540,1938,1
1333,246087,6,4910885,3206,1
1334,246087,17,2191722,2099,1
1335,246087,16,14878922,1852,1
1336,246087,11,13505058,1150,1
1337,246087,1,15818876,2513,0
1338,246087,2,2215246,559,0
1339,246087,15,7983361,2491,0
1340,246087,15,7484258,2641,1
1341,246087,15,15963817,2315,1
1342,246087,16,87902,3184,1
1343,246087,15,12423085,2531,1
1344,246087,15,12031458,742,1
1345,246087,6,5082095,911,0
1346,246087,3,12690266,1691,1
1347,246087,16,4315475,1457,1
1348,246087,2,3004658,1362,1
1349,246087,2,7267401,1157,0
1350,246087,16,4069885,632,0
1351,246087,16,13991728,1457,0
1352,246087,16,12027085,2615,0
1353,246087,2,4215485,2363,0
1354,246087,2,13416910,19,1
1355,246087,2,12038372,1446,1
1356,246087,2,15781728,2114,0
1357,246087,2,14723085,1713,0
1358,246087,3,7173017,1757,0
1359,246087,3,7379023,3389,0
1360,246087,0,15938702,1589,0
1361,246087,8,3466812,716,0
1362,246087,4,877476,1424,0
1363,246087,3,14357599,2136,1
